TIME(S)	ANN
0.0500	28
0.3083	2
0.9528	2
1.5861	2
2.2417	2
2.9111	2
3.5750	2
4.2306	2
4.9028	2
5.5389	2
6.1639	2
6.7639	2
7.3917	2
8.0083	2
8.6556	2
9.3111	2
9.9611	2
10.5917	2
11.2250	2
11.8444	2
12.4444	2
13.0278	2
13.6333	2
14.2444	2
14.8833	2
15.5333	2
16.1667	2
16.7972	2
17.3861	6
18.0056	2
18.6000	2
19.2167	2
19.8167	2
20.4361	2
21.0667	2
21.7333	2
22.4083	2
23.0333	2
23.6444	2
24.2694	2
24.9194	2
25.5472	2
26.1750	2
26.8333	2
27.5056	2
28.1889	2
28.8639	2
29.5000	2
30.1250	2
30.7639	2
31.4167	6
32.0806	2
32.7333	2
33.4167	2
34.1028	2
34.7861	2
35.4583	2
36.1028	2
36.7444	2
37.4000	2
38.1000	2
38.6778	5
39.4778	2
40.1750	2
40.8722	2
41.5500	2
42.2250	2
42.8806	2
43.5250	2
44.2167	2
44.9472	2
45.6583	2
46.3500	2
47.0444	2
47.7167	2
48.4000	2
49.0639	2
49.7306	2
50.4278	2
51.1722	2
51.8861	2
52.5806	2
53.2667	2
53.9306	2
54.6111	2
55.2972	2
55.9750	2
56.6667	2
57.4111	2
58.1361	2
58.8333	2
59.5139	2
60.1889	2
60.8611	2
61.5556	2
62.2444	2
62.9472	2
63.6722	2
64.4139	2
65.1083	2
65.7694	2
66.4389	2
67.1056	2
67.8000	2
68.5111	2
69.2306	2
69.9444	2
70.6889	2
71.3861	2
72.0500	2
72.7167	2
73.3944	2
74.1083	2
74.8333	2
75.5556	2
76.2639	2
76.8222	5
77.6806	2
78.3444	2
79.0333	2
79.7194	2
80.4444	2
81.1944	2
81.9167	2
82.6194	2
83.3444	2
84.0417	2
84.7194	2
85.3972	2
86.1028	2
86.8306	2
87.5889	2
88.3111	2
89.0056	2
89.7083	2
90.4194	2
91.1083	2
91.7833	2
92.3417	5
93.2250	2
93.9611	2
94.6889	2
95.3750	2
96.0556	2
96.7694	2
97.4611	2
98.1444	2
98.8639	2
99.5917	2
100.3306	2
101.0500	2
101.7417	2
102.4278	2
103.1417	2
103.8417	2
104.5528	2
105.2833	2
106.0139	2
106.7528	2
107.4750	2
108.1583	2
108.8278	2
109.5389	2
110.2528	2
110.9778	2
111.7000	2
112.4250	2
113.1361	2
113.8444	2
114.5222	2
115.1944	2
115.8917	2
116.6361	2
117.3639	2
118.0667	2
118.7889	2
119.4778	2
120.1778	2
120.8667	2
121.5556	2
122.2500	2
123.0083	2
123.7417	2
124.4444	2
125.1500	2
125.8389	2
126.5250	2
127.1583	5
127.9056	2
128.5889	2
129.3222	2
130.0556	2
130.7667	2
131.4333	2
132.1056	2
132.7667	2
133.4556	2
134.1417	2
134.8500	2
135.5694	2
136.3139	2
137.0222	2
137.6861	2
138.3583	2
139.0250	2
139.7222	2
140.4389	2
141.1389	2
141.8389	2
142.5806	2
143.2778	2
143.9472	2
144.6083	2
145.2833	2
145.9722	2
146.7000	2
147.4111	2
148.1083	2
148.8278	2
149.5361	2
150.2028	2
150.8528	2
151.5278	2
152.2028	2
152.9139	2
153.6278	2
154.3333	2
155.0139	2
155.7139	2
156.3806	2
157.0333	2
157.7028	2
158.3917	2
159.1194	2
159.8611	2
160.5639	2
161.2472	2
161.9417	2
162.6306	2
163.3139	2
163.9917	2
164.7083	2
165.4472	2
166.1917	2
166.8972	2
167.5806	2
168.2806	2
168.9806	2
169.6694	2
170.3694	2
171.1028	2
171.8306	2
172.5722	2
173.2722	2
173.9444	2
174.6250	2
175.3333	2
176.0278	2
176.7222	2
177.4417	2
178.1417	2
178.8583	2
179.5444	2
180.2083	2
180.8556	2
181.5472	2
182.2472	2
182.9500	2
183.6444	2
184.3611	2
185.0722	2
185.7722	2
186.4389	2
187.0972	2
187.8028	2
188.5306	2
189.2583	2
189.9667	2
190.6833	2
191.3750	2
192.0694	2
192.7389	2
193.4139	2
194.1139	2
194.8556	2
195.5806	2
196.2833	2
196.9889	2
197.6667	2
198.3500	2
199.0444	2
199.7278	2
200.4167	2
201.1583	2
201.8917	2
202.6028	2
203.2917	2
203.9778	2
204.6556	2
205.3583	2
206.0556	2
206.7556	2
207.4917	2
208.2500	2
208.9611	2
209.6278	2
210.3111	2
210.9833	2
211.6833	2
212.3972	2
213.1278	2
213.8444	2
214.6000	2
215.3083	2
215.9833	2
216.6639	2
217.3556	2
218.0722	2
218.8083	2
219.5333	2
220.2444	2
220.9722	2
221.6750	2
222.3583	2
223.0278	2
223.7194	2
224.4361	2
225.1806	2
225.9000	2
226.6056	2
227.3194	2
228.0250	2
228.7083	2
229.3778	2
230.0806	2
230.7917	2
231.5389	2
232.2667	2
232.9667	2
233.6639	2
234.3833	2
235.0611	2
235.6194	5
236.4278	2
237.1306	2
237.8778	2
238.5972	2
239.2861	2
239.9444	2
240.6333	2
241.2944	2
241.9528	2
242.6222	2
243.3111	2
244.0028	2
244.6806	2
245.3333	2
245.9722	2
246.6000	2
247.2778	2
247.9306	2
248.5833	2
249.2556	2
249.9444	2
250.6389	2
251.3278	2
251.9639	2
252.5972	2
253.2639	2
253.9556	2
254.6472	2
255.3306	2
256.0361	2
256.7333	2
257.4333	2
258.1111	2
258.7750	2
259.4583	2
260.1972	2
260.9250	2
261.6389	2
262.3750	2
263.0889	2
263.8056	2
264.5083	2
265.2056	2
265.9056	2
266.6778	2
267.4333	2
268.1667	2
268.9028	2
269.6167	2
270.3333	2
271.0417	2
271.7528	2
272.4750	2
273.2556	2
274.0139	2
274.7278	2
275.4361	2
276.1306	2
276.8472	2
277.5528	2
278.2667	2
279.0028	2
279.7833	2
280.5083	2
281.2056	2
281.8972	2
282.5750	2
283.2750	2
283.9889	2
284.7028	2
285.4222	2
286.1778	2
286.9000	2
287.5861	2
288.2750	2
288.9639	2
289.6722	2
290.3833	5
291.1583	2
291.8778	2
292.6278	2
293.3500	2
294.0389	2
294.7139	2
295.4139	2
296.1250	2
296.8667	2
297.6028	2
298.3222	2
299.0472	2
299.7778	2
300.4722	2
301.1472	2
301.8583	2
302.5889	2
303.3444	2
304.0861	2
304.8139	2
305.5278	2
306.2472	2
306.9417	2
307.6222	2
308.3389	2
309.0667	2
309.8250	2
310.5611	2
311.2722	2
311.9667	2
312.6972	2
313.3944	2
314.0972	2
314.8333	2
315.5722	2
316.3389	2
317.0750	2
317.7722	2
318.4528	2
319.1833	2
319.8917	2
320.5972	2
321.3444	2
322.0778	2
322.8250	2
323.5528	2
324.2500	2
324.9278	2
325.6694	2
326.3917	2
327.1139	2
327.8528	2
328.5778	2
329.2889	2
329.9889	2
330.6583	2
331.3167	2
332.0306	2
332.7417	2
333.4528	2
334.1417	2
334.8222	2
335.5000	2
336.1556	2
336.7861	2
337.4167	2
338.0556	2
338.7611	2
339.4194	2
340.0833	2
340.7278	2
341.3639	2
341.9972	2
342.6500	2
343.2667	2
343.8917	2
344.5472	2
345.2472	2
345.9083	2
346.5500	2
347.2000	2
347.8361	2
348.4778	2
349.1306	2
349.7694	2
350.4194	2
351.1028	2
351.8083	2
352.4778	2
353.1139	2
353.7556	2
354.3889	2
355.0444	2
355.7111	2
356.3778	2
357.0500	2
357.7583	2
358.4667	2
359.1500	2
359.7917	2
360.4444	2
361.0944	2
361.7778	2
362.4667	2
363.1694	2
363.8694	2
364.6000	2
365.2944	2
365.9556	2
366.6139	2
367.2833	2
367.9889	2
368.7250	2
369.4333	2
370.1389	2
370.8750	2
371.5917	2
372.2722	2
372.9389	2
373.6361	2
374.3444	2
375.0944	2
375.8250	2
376.5361	2
377.2583	2
377.9778	2
378.6667	2
379.3417	2
380.0444	2
380.7639	2
381.5139	2
382.2500	2
382.9694	2
383.6528	2
384.3694	2
385.0528	2
385.7250	2
386.4278	2
387.1500	2
387.9000	2
388.6444	2
389.3500	2
390.0194	2
390.7194	2
391.4139	2
392.1167	2
392.8167	2
393.5500	2
394.2861	2
395.0111	2
395.6889	2
396.3583	2
397.0444	2
397.7500	2
398.4500	2
399.1556	2
399.8806	2
400.5833	2
401.2972	2
401.9778	2
402.6472	2
403.3194	2
404.0444	2
404.7556	2
405.4722	2
406.1944	2
406.9083	2
407.6167	2
408.3222	2
409.0083	2
409.6778	2
410.4194	2
411.1694	2
411.8972	2
412.6056	2
413.3139	2
414.0139	2
414.7167	2
415.3917	2
416.0750	2
416.8139	2
417.5694	2
418.3000	2
418.9917	2
419.6917	2
420.3806	2
421.0778	2
421.7639	2
422.4611	2
423.2028	2
423.9556	2
424.6806	2
425.2028	5
426.0500	2
426.7222	2
427.4333	2
428.1250	2
428.6667	5
429.5694	2
430.3222	2
431.0361	2
431.7111	2
432.3833	2
433.0472	2
433.7361	2
434.4444	2
435.1500	2
435.8472	2
436.5806	2
437.2639	2
437.9222	2
438.5833	2
439.2556	2
439.9528	2
440.6806	2
441.4083	2
442.1139	2
442.8500	2
443.5556	2
444.2278	2
444.8944	2
445.5861	2
446.3028	2
447.0500	2
447.7694	2
448.4806	2
449.2083	2
449.9111	2
450.6000	2
451.2694	2
451.9722	2
452.6917	2
453.4472	2
454.1722	2
454.8722	2
455.5806	2
456.2944	2
456.9889	2
457.6694	2
458.3889	2
459.1194	2
459.8722	2
460.6000	2
461.2972	2
461.9944	2
462.7111	2
463.4056	2
464.0889	2
464.8167	2
465.5472	2
466.2972	2
467.0250	2
467.7222	2
468.4083	2
469.1389	2
469.8472	2
470.5583	2
471.3056	2
472.0417	2
472.7917	2
473.5083	2
474.2111	2
474.8972	2
475.6222	2
476.3417	2
477.0667	2
477.8000	2
478.5250	2
479.2583	2
479.9722	2
480.6556	2
481.3250	2
482.0500	2
482.7806	2
483.5083	2
484.2167	2
484.9361	2
485.6306	2
486.3194	2
486.9833	2
487.6500	2
488.3667	2
489.0361	5
489.8333	2
490.5250	2
491.2361	2
491.9083	2
492.6000	2
493.2889	2
493.9722	2
494.6750	2
495.4306	2
496.1500	2
496.8389	2
497.5111	2
498.1806	2
498.8639	2
499.5611	2
500.2444	2
500.9333	2
501.6667	2
502.4111	2
503.1222	2
503.7833	2
504.4694	2
505.1583	2
505.8722	2
506.5833	2
507.3056	2
508.0639	2
508.8167	2
509.5306	2
510.0694	5
510.9139	2
511.6194	2
512.3833	2
513.1194	2
513.8528	2
514.6167	2
515.3583	2
516.0556	2
516.7444	2
517.4500	2
518.1639	2
518.9222	2
519.6611	2
520.3861	2
521.1306	2
521.8472	2
522.5417	2
523.2278	2
523.9389	2
524.6806	2
525.4556	2
526.1861	2
526.9000	2
527.6250	2
528.3278	2
528.8861	5
529.7000	2
530.4194	2
531.1861	2
531.9444	2
532.6667	2
533.3611	2
534.0833	2
534.7778	2
535.4639	2
536.1611	2
536.8889	2
537.6361	2
538.3861	2
539.0861	2
539.7528	2
540.4583	2
541.1528	2
541.8417	2
542.5500	2
543.2861	2
544.0250	2
544.7694	2
545.4667	2
546.1333	2
546.8278	2
547.5417	2
548.2556	2
548.9583	2
549.6972	2
550.4278	2
551.1583	2
551.8472	2
552.5250	2
553.2333	2
553.9722	2
554.7139	2
555.4472	2
556.1972	2
556.9389	2
557.6667	2
558.3556	2
559.0500	2
559.7722	2
560.5222	2
561.2694	2
562.0028	2
562.7472	2
563.4611	2
564.1889	2
564.8861	2
565.5889	2
566.3278	2
567.1028	2
567.8583	2
568.5972	2
569.3306	2
570.0361	2
570.7639	2
571.4750	2
572.1861	2
572.9444	2
573.7306	2
574.4806	2
575.1944	2
575.9167	2
576.6222	2
577.3417	2
578.0583	2
578.7889	2
579.5472	2
580.3167	2
581.0472	2
581.7333	2
582.4333	2
583.1250	2
583.8389	2
584.5556	2
585.2861	2
586.0306	2
586.7778	2
587.4917	2
588.1722	2
588.8583	2
589.5472	2
590.2806	2
591.0194	2
591.7472	2
592.4750	2
593.2250	2
593.9250	2
594.6000	2
595.2972	2
596.0000	2
596.7556	2
597.5056	2
598.2333	2
598.9667	2
599.7167	2
600.4111	2
